graph g1:
time to solve: 0.026s
min cut: 3 edges
cut-set: 
    [0,5]
    [0,9]
    [8,9]
vertex partition:
A: [0, 1, 2, 6, 8]
B: [3, 4, 5, 7, 9]
----------------------------------------
graph g2:
time to solve: 0.380s
min cut: 6 edges
cut-set: 
    [3,7]
    [5,14]
    [5,15]
    [7,10]
    [11,18]
    [17,19]
vertex partition:
A: [0, 3, 4, 9, 10, 12, 14, 15, 17, 18]
B: [1, 2, 5, 6, 7, 8, 11, 13, 16, 19]
----------------------------------------
graph g3:
time to solve: 42.886s
min cut: 14 edges
cut-set: 
    [3,14]
    [5,25]
    [8,24]
    [12,30]
    [13,21]
    [13,38]
    [14,18]
    [14,36]
    [19,46]
    [20,46]
    [25,38]
    [26,42]
    [29,41]
    [34,37]
vertex partition:
A: [0, 1, 4, 5, 6, 8, 9, 10, 12, 14, 17, 19, 20, 21, 26, 27, 29, 31, 35, 37, 38, 39, 45, 48, 49]
B: [2, 3, 7, 11, 13, 15, 16, 18, 22, 23, 24, 25, 28, 30, 32, 33, 34, 36, 40, 41, 42, 43, 44, 46, 47]
----------------------------------------
graph g4:
time to solve: 31m53.712s
min cut: 24 edges
cut-set: 
    [0,6]
    [4,88]
    [6,26]
    [8,71]
    [13,16]
    [14,57]
    [14,95]
    [15,29]
    [15,33]
    [16,70]
    [18,75]
    [21,92]
    [22,40]
    [27,50]
    [32,98]
    [34,85]
    [38,83]
    [43,62]
    [45,54]
    [45,77]
    [47,90]
    [49,66]
    [63,74]
    [72,98]
vertex partition:
A: [0, 2, 5, 7, 10, 11, 15, 16, 19, 21, 22, 23, 24, 26, 28, 32, 34, 36, 37, 47, 50, 51, 52, 54, 55, 56, 57, 58, 59, 61, 62, 63, 64, 65, 66, 68, 71, 72, 75, 76, 77, 83, 87, 88, 89, 93, 94, 95, 96, 99]
B: [1, 3, 4, 6, 8, 9, 12, 13, 14, 17, 18, 20, 25, 27, 29, 30, 31, 33, 35, 38, 39, 40, 41, 42, 43, 44, 45, 46, 48, 49, 53, 60, 67, 69, 70, 73, 74, 78, 79, 80, 81, 82, 84, 85, 86, 90, 91, 92, 97, 98]
----------------------------------------
