50 614
19 48
11 18
40 13
1 8
41 33
10 37
31 29
18 34
46 18
34 2
13 28
12 14
41 30
46 30
33 25
24 8
47 16
5 35
48 8
43 11
11 28
14 39
15 7
29 9
45 0
20 17
36 23
43 15
17 14
5 6
1 4
33 40
28 41
30 25
20 4
39 29
18 24
19 10
39 21
27 38
35 27
11 13
15 3
46 19
36 41
23 33
13 24
37 34
12 45
36 14
6 39
8 20
44 18
20 31
15 47
32 46
24 42
37 12
3 16
38 9
18 15
45 10
29 10
4 14
34 22
21 9
31 17
17 49
25 42
25 2
46 24
33 34
38 48
20 0
40 25
0 6
37 20
0 1
18 42
36 2
9 14
23 32
8 10
46 42
26 49
37 0
41 22
10 35
20 39
46 25
32 3
10 6
8 4
9 20
3 22
21 38
18 33
49 29
13 16
45 1
0 10
28 23
27 17
19 1
44 34
15 23
37 19
20 19
43 33
47 32
19 39
1 49
48 14
25 41
41 24
35 31
44 40
48 35
16 28
23 13
49 0
14 35
21 45
14 5
47 36
10 17
7 2
33 42
41 43
34 47
38 13
23 47
26 38
23 41
2 46
11 46
7 30
35 26
37 35
7 33
8 17
3 33
25 32
6 45
21 29
1 21
40 11
5 37
28 36
16 25
18 36
39 31
21 19
18 25
44 7
11 42
7 42
24 28
31 27
10 14
14 3
20 26
27 26
38 0
30 40
11 33
34 25
43 44
40 2
13 32
32 34
48 21
42 28
33 46
21 49
9 4
29 27
37 27
14 45
1 5
11 15
11 41
48 26
32 24
4 35
43 16
30 36
38 6
17 35
3 43
12 29
9 1
7 28
27 49
9 12
28 3
1 10
8 0
35 8
38 12
40 3
32 11
47 13
8 29
17 9
24 3
23 2
31 49
39 27
41 3
23 16
14 49
13 15
45 26
5 38
45 9
10 48
0 39
21 5
5 27
24 34
28 25
43 36
5 45
13 21
19 6
26 6
9 48
38 37
11 7
40 32
6 27
8 14
4 27
0 48
2 47
47 25
21 12
11 30
24 30
30 18
0 27
40 22
28 2
1 6
34 42
28 43
16 24
28 18
39 9
1 26
30 32
24 40
16 40
33 28
14 26
12 48
32 7
15 25
16 2
39 49
3 7
10 12
36 40
35 49
45 31
4 48
13 3
33 44
31 5
40 28
36 11
31 4
26 9
42 43
22 30
47 24
25 23
23 34
47 33
0 31
20 1
33 15
7 34
21 35
16 11
14 19
13 30
18 7
48 37
18 41
29 5
12 17
36 7
23 22
43 23
3 2
46 43
17 0
4 17
25 5
23 46
7 23
9 37
25 38
45 19
34 41
26 29
2 22
44 36
0 14
3 30
12 31
34 28
12 49
37 1
26 12
40 18
15 36
46 22
42 44
12 30
3 47
38 1
48 31
47 42
31 38
38 35
42 15
47 28
45 20
49 48
0 21
30 34
39 37
22 11
38 10
2 33
20 46
23 40
29 38
41 16
26 5
24 22
37 17
19 5
16 33
29 20
4 12
25 11
15 30
11 3
22 33
6 29
36 32
8 12
30 42
2 24
1 31
44 11
12 6
31 14
24 11
1 48
22 7
11 34
7 46
26 21
19 27
46 28
9 0
29 48
3 18
13 41
28 22
37 6
29 14
16 18
14 27
8 37
4 6
3 36
44 15
49 8
22 43
49 10
36 22
1 35
26 42
25 3
14 6
7 24
23 18
4 0
12 19
41 46
2 43
32 43
5 8
10 31
26 0
30 28
19 29
43 24
17 48
48 6
13 43
15 22
40 34
42 32
21 4
19 38
31 19
32 18
33 32
46 3
8 31
9 35
22 32
1 29
14 38
5 0
24 15
45 29
30 43
17 21
21 14
45 39
49 37
38 17
45 4
47 30
16 44
27 45
9 19
22 44
46 36
23 11
9 8
33 30
39 17
6 31
15 41
42 16
15 28
13 36
26 31
6 17
44 41
8 26
16 15
36 25
49 5
41 40
15 2
48 5
7 40
24 44
21 20
32 44
36 42
41 32
45 38
8 6
29 41
39 8
12 5
33 13
36 33
30 16
23 24
1 17
47 46
27 8
34 16
21 8
44 25
16 32
43 18
49 4
39 26
17 29
27 9
15 34
9 31
39 38
35 45
7 43
25 13
22 47
43 47
17 5
39 10
28 32
23 42
44 3
35 0
38 20
20 6
26 4
25 22
9 6
47 40
21 6
42 40
9 10
2 44
12 20
37 21
31 37
36 24
14 20
44 23
10 27
1 14
10 4
6 35
42 3
5 4
41 2
40 15
0 29
16 46
26 10
17 19
23 3
47 18
45 8
39 48
28 44
2 11
7 47
16 36
2 18
39 4
31 21
27 20
35 19
6 49
44 30
39 35
29 4
49 20
12 35
25 24
19 8
35 20
34 36
27 48
10 5
5 9
20 10
42 22
37 45
13 34
46 15
5 39
43 40
2 30
34 43
15 32
18 22
34 3
7 25
46 44
19 49
13 44
13 2
46 40
2 42
18 14
8 38
21 10
35 29
20 48
13 7
19 4
37 29
19 26
13 46
18 13
42 41
37 14
45 49
37 26
12 27
34 46
26 17
39 1
44 47
42 13
41 47
23 30
32 2
24 33
37 4
1 12
17 45
0 19
27 21
16 22
20 5
39 12
9 49
1 27
13 22
25 43
7 16
11 47
45 48
12 0
38 4
7 41
49 38
