100 2474
13 27
37 56
24 28
10 76
80 40
14 45
78 39
78 43
37 61
99 66
59 37
28 59
34 76
23 64
52 24
14 44
85 82
12 13
88 65
40 13
93 61
94 87
58 19
89 5
21 51
59 47
14 95
56 59
95 63
70 48
99 47
59 93
83 89
19 10
82 97
13 78
7 64
14 79
19 47
40 38
18 49
1 69
18 73
38 44
46 27
78 79
97 45
39 45
77 2
91 70
47 65
7 50
53 18
32 99
1 8
85 29
99 16
86 27
37 50
25 45
85 53
91 3
67 48
74 8
28 94
54 0
92 53
29 80
29 33
2 19
43 62
82 8
8 70
20 38
42 98
36 77
72 15
40 25
71 77
7 21
90 1
49 53
55 76
34 65
63 74
63 21
41 33
1 6
4 98
52 15
17 41
58 56
52 51
13 97
80 13
69 9
99 24
12 81
97 86
48 44
93 36
82 40
21 62
93 5
83 21
91 48
72 98
31 3
19 56
4 8
64 55
27 40
56 77
98 33
19 75
44 42
5 0
37 62
4 33
18 48
50 22
70 82
95 16
74 48
81 84
70 9
83 65
91 97
11 75
46 31
38 14
60 82
47 90
86 45
37 26
92 84
5 71
3 1
46 78
88 15
69 92
86 85
34 50
65 77
4 17
95 58
17 46
67 31
1 48
31 49
84 30
22 54
49 27
47 64
88 24
95 19
73 4
68 52
80 69
48 30
34 32
26 0
84 40
91 31
59 16
51 93
79 31
57 5
63 24
65 76
27 48
92 20
15 32
9 43
71 68
99 34
26 65
22 34
26 62
89 64
52 88
70 29
55 26
91 98
42 78
6 90
48 97
98 79
28 47
42 48
45 60
59 68
49 45
56 11
91 45
33 8
6 8
20 82
3 43
26 77
10 57
41 25
27 38
69 82
35 74
83 38
49 82
88 28
22 65
54 32
69 84
41 13
98 9
62 47
92 35
98 12
85 25
96 36
76 36
46 84
86 31
61 11
42 27
78 92
53 45
9 40
42 45
80 48
66 50
59 2
39 82
42 69
24 50
77 99
93 54
60 49
83 72
33 42
6 9
80 92
85 27
49 73
54 95
10 96
22 28
37 52
45 9
93 66
38 45
54 51
2 88
45 69
25 84
68 50
66 51
73 79
24 75
90 38
71 47
58 62
45 33
53 9
26 66
13 33
76 23
0 51
3 67
88 66
59 19
84 86
52 2
53 1
15 24
77 7
6 25
12 42
87 24
73 8
21 56
3 69
29 17
10 5
6 27
76 54
29 4
29 41
3 17
38 41
93 58
16 47
88 75
81 27
63 50
54 11
92 81
52 87
98 17
46 38
37 66
13 44
73 40
26 6
9 92
41 12
87 75
45 18
62 32
40 45
3 70
95 62
62 34
38 39
9 49
81 17
64 10
78 38
11 7
4 9
43 31
16 0
57 75
9 85
13 79
10 23
4 40
1 84
48 79
4 88
46 8
49 74
82 4
36 11
86 29
82 3
59 61
29 6
58 51
79 3
47 72
99 56
52 0
60 33
52 83
73 82
10 0
9 67
7 36
98 20
35 38
16 52
83 64
32 11
94 65
23 47
40 53
53 97
69 4
38 97
0 36
94 68
35 45
35 82
11 58
41 45
78 98
27 41
66 71
11 94
22 37
45 13
31 41
68 88
45 4
93 23
71 76
18 1
34 21
95 36
81 42
72 58
85 48
55 66
94 2
48 49
63 83
89 56
75 50
27 43
26 58
52 34
23 34
41 74
99 22
66 36
9 18
19 96
28 37
88 10
47 87
6 79
21 37
80 27
29 14
70 27
73 14
55 57
57 76
60 14
59 65
67 69
44 4
1 92
82 67
14 92
8 80
73 35
61 21
81 60
16 34
79 90
33 30
22 89
83 55
52 96
26 19
16 89
98 82
98 70
76 62
73 9
51 7
57 16
76 99
48 33
51 57
55 37
2 68
17 18
69 30
90 80
42 40
75 61
13 31
87 56
43 82
83 23
19 37
45 90
37 47
52 5
86 25
75 32
18 81
78 70
56 24
76 66
75 62
18 38
94 54
78 69
56 72
7 5
20 43
21 47
31 25
98 84
61 65
28 75
51 36
90 35
25 38
38 81
64 11
14 84
64 19
29 60
58 16
35 49
1 39
55 52
16 11
65 5
33 82
25 46
72 99
89 51
35 31
97 18
25 35
49 1
3 8
3 46
33 1
6 12
53 20
70 16
77 24
66 75
30 35
35 18
55 11
88 93
60 8
74 27
3 30
93 34
96 26
30 38
77 21
75 72
59 96
15 34
47 24
96 22
90 39
4 60
53 69
20 70
25 4
39 85
83 19
82 12
74 43
58 99
42 29
81 98
10 50
63 94
41 98
77 68
65 64
36 23
55 54
59 72
31 73
3 18
72 62
51 64
6 0
55 19
28 15
29 67
44 60
24 89
4 38
99 51
33 20
55 47
87 22
54 58
87 83
86 18
76 96
60 78
39 20
25 3
96 68
89 95
57 15
30 13
95 77
76 87
34 87
64 52
84 43
5 83
52 93
90 81
98 43
62 94
42 30
99 68
3 14
20 18
96 95
21 19
35 98
27 50
93 64
96 99
6 98
58 87
95 15
15 94
25 8
50 54
68 37
11 87
91 40
76 83
0 56
30 14
61 19
24 93
21 65
29 9
23 37
91 82
65 28
86 73
13 86
30 41
87 26
15 83
78 31
51 75
24 96
14 43
5 61
39 42
4 31
31 60
81 67
97 73
99 83
12 35
52 63
26 10
82 41
9 44
81 49
22 23
83 95
9 41
22 61
57 88
30 29
95 22
81 69
72 32
61 94
37 16
53 14
93 94
75 10
33 44
14 17
61 77
31 12
12 40
17 80
55 34
48 3
5 28
46 79
86 20
46 29
55 72
67 35
29 35
4 90
97 42
63 59
92 12
57 21
94 59
47 5
39 73
54 10
6 13
62 2
37 58
21 89
6 92
98 67
86 53
42 35
38 12
81 91
91 14
75 63
72 24
28 0
85 18
41 70
99 65
5 62
49 78
5 11
21 5
22 16
83 7
92 13
43 42
72 96
8 97
96 64
32 52
3 33
56 5
85 67
96 15
51 16
23 28
79 43
99 93
56 94
93 71
59 64
3 35
16 28
95 68
39 67
27 1
54 99
23 57
30 85
3 20
67 1
15 75
58 71
46 73
51 96
29 38
92 21
70 1
33 14
43 67
54 71
45 84
10 83
72 19
60 91
53 60
7 72
59 11
56 62
48 40
49 69
77 66
65 19
49 46
93 11
77 72
61 34
66 58
69 79
70 17
62 63
34 94
97 29
84 33
24 54
23 0
74 44
27 92
26 76
95 61
65 24
25 70
54 77
21 94
91 49
5 76
25 20
9 35
50 88
18 75
50 47
77 94
88 32
36 5
26 24
92 85
58 22
55 93
72 34
46 14
25 49
96 87
3 39
36 68
43 13
97 12
18 78
73 30
88 34
59 26
93 16
58 28
31 85
0 71
64 87
93 50
92 43
73 81
82 78
58 21
34 85
14 25
46 18
86 4
1 46
37 15
39 79
37 0
89 52
45 29
67 27
77 64
17 8
41 46
93 96
80 20
10 52
45 77
42 90
78 91
21 16
16 88
4 79
34 7
8 38
51 5
21 95
95 71
3 97
13 39
3 86
2 51
78 97
60 79
8 49
5 2
33 92
86 14
11 51
69 38
94 19
4 78
95 56
39 4
44 91
22 93
23 62
87 72
17 1
21 10
79 8
74 17
36 15
47 7
11 34
10 62
69 70
48 86
27 91
26 99
95 72
21 50
97 60
3 4
34 71
49 80
85 42
76 2
99 94
6 78
89 34
2 50
26 34
10 66
20 45
10 61
31 8
72 61
17 49
34 95
95 75
3 74
75 16
45 43
25 1
68 10
6 49
84 9
30 17
48 78
57 32
70 33
34 51
46 45
97 92
81 1
63 47
80 39
98 69
76 63
57 96
90 43
5 16
52 95
17 45
33 25
79 25
50 99
96 56
82 38
83 34
58 64
38 6
27 98
36 75
22 32
2 63
83 24
9 14
25 27
54 65
75 47
36 28
20 69
99 63
33 85
24 23
44 18
20 48
27 31
0 95
37 11
49 85
54 52
19 63
70 42
92 4
90 17
99 5
81 44
11 50
99 23
41 20
2 75
59 52
32 64
92 73
61 28
87 51
47 88
14 8
5 95
3 45
50 76
33 46
52 21
62 16
9 74
76 15
37 96
6 74
40 67
99 75
40 18
1 35
71 55
96 2
69 91
17 86
78 44
85 41
54 96
95 26
14 12
7 28
89 72
71 28
3 60
32 26
67 73
2 26
21 32
70 49
6 70
18 31
63 23
8 29
36 22
2 47
60 27
78 53
80 25
57 99
72 64
12 39
69 97
92 49
34 28
80 74
55 62
49 20
67 25
76 93
33 27
35 81
1 45
31 84
77 0
71 96
59 57
89 65
80 44
15 58
9 39
32 71
88 62
81 33
85 84
19 89
47 93
67 8
57 26
94 24
32 7
53 80
6 81
20 90
77 5
29 84
44 12
63 32
72 21
2 56
79 53
50 65
65 68
77 88
34 36
80 43
39 41
88 7
26 7
9 12
95 76
6 14
69 31
73 42
5 32
45 82
15 51
80 45
50 89
15 93
52 47
7 56
20 4
11 89
62 19
19 99
34 63
17 9
46 80
69 46
77 34
47 76
17 92
37 54
63 54
31 6
22 11
15 61
16 66
11 95
93 56
17 20
43 38
7 61
29 91
34 47
71 88
54 68
89 47
90 85
41 69
34 54
84 17
26 28
81 43
31 9
49 12
88 55
32 47
91 84
22 10
46 20
16 96
15 11
67 60
60 12
32 94
55 10
44 84
24 58
30 86
31 1
68 61
24 19
63 15
86 38
67 84
94 0
96 23
65 15
60 25
43 69
90 84
54 19
14 40
55 87
2 65
52 65
84 79
55 89
63 96
8 48
83 61
71 64
46 60
77 57
56 76
43 18
5 94
95 59
82 25
90 73
6 69
4 13
63 71
90 48
79 67
28 62
77 52
24 68
33 15
58 77
26 11
77 63
36 58
67 20
82 27
42 1
39 40
33 53
63 26
66 49
92 45
82 74
44 6
27 84
23 7
87 5
50 56
76 88
87 7
57 62
69 48
98 49
61 26
3 73
53 81
59 10
54 66
74 53
46 70
73 69
40 8
96 58
41 6
12 43
35 44
9 13
74 42
26 47
73 74
53 12
54 64
23 75
81 3
86 78
21 28
86 80
5 23
33 79
25 42
47 57
64 2
60 86
64 99
30 9
92 8
41 53
24 61
18 13
41 80
38 73
95 87
90 33
64 56
10 34
20 42
60 74
66 28
88 59
57 11
5 37
84 73
54 5
53 91
17 39
74 86
1 41
76 89
18 60
88 51
25 92
72 16
68 26
42 31
66 56
77 75
22 0
62 65
81 31
82 84
63 57
13 60
85 81
94 37
30 70
80 9
70 73
90 25
50 28
61 88
17 27
46 12
9 91
66 57
30 27
3 29
79 74
43 53
10 15
56 36
23 94
56 32
95 93
4 18
12 70
62 50
74 84
78 9
93 57
7 99
83 2
65 37
87 57
27 4
10 87
90 91
62 11
0 61
75 59
6 17
5 68
91 43
31 98
97 1
52 22
23 89
98 14
66 59
12 79
91 18
2 89
22 5
38 84
37 57
94 76
65 32
64 57
36 16
50 51
10 95
75 52
24 32
72 65
60 38
5 15
23 56
86 46
13 48
51 62
53 84
94 96
28 77
90 67
53 31
97 6
70 92
82 6
87 54
73 53
26 50
34 68
24 10
7 10
55 77
10 56
90 13
60 85
48 73
64 66
58 34
81 14
67 4
53 42
52 72
97 40
82 90
61 96
87 93
17 97
83 62
97 67
22 24
54 57
96 88
48 98
98 30
42 79
65 23
97 49
66 0
77 11
39 92
36 47
41 84
39 97
62 77
49 4
25 48
57 28
61 56
71 8
10 28
90 41
23 32
16 32
9 38
72 23
33 6
3 6
94 51
35 79
91 92
16 56
68 93
99 89
36 61
35 48
99 15
57 72
57 0
41 79
10 37
70 44
11 2
58 52
59 5
81 29
33 78
27 18
1 38
28 2
9 42
3 78
22 7
47 83
91 1
8 30
9 20
47 22
8 69
84 3
1 4
0 89
13 53
26 5
79 81
14 18
92 48
78 25
33 40
29 12
59 22
60 1
17 25
81 80
44 98
13 73
12 73
84 49
99 59
80 38
54 2
18 41
7 0
2 23
69 90
8 13
46 43
65 75
41 60
60 69
32 68
87 32
46 6
59 77
64 50
28 64
13 20
40 17
94 95
28 55
83 28
20 81
49 41
54 75
57 61
99 62
17 73
87 59
14 42
58 76
58 7
71 23
6 39
58 5
83 93
19 32
65 7
33 91
82 17
17 35
43 73
99 71
72 50
41 44
89 77
70 90
80 60
63 87
68 87
53 67
81 82
94 16
74 46
8 98
51 47
58 61
55 23
28 99
73 78
57 52
94 89
9 81
88 64
39 84
26 52
61 76
37 2
63 93
14 67
81 78
20 14
12 74
72 93
57 2
64 62
65 55
51 37
3 12
95 64
22 21
46 67
65 0
90 12
73 85
55 61
20 40
75 83
45 98
47 54
95 2
65 95
5 55
24 57
7 75
8 45
67 86
87 88
58 23
57 89
46 98
32 0
13 84
92 98
29 18
56 34
10 63
43 86
93 19
31 92
35 85
61 63
32 95
53 70
24 21
13 85
68 63
79 86
75 0
89 7
8 39
62 87
38 48
84 97
30 1
56 65
19 7
8 9
2 99
45 79
23 26
2 24
90 49
15 21
74 78
87 65
35 27
63 51
85 69
74 14
9 60
17 67
90 92
22 57
85 98
40 86
28 52
58 94
10 65
86 39
13 81
70 45
80 6
62 52
91 73
51 28
46 91
4 70
2 87
33 12
40 60
82 13
76 59
20 30
74 38
7 71
97 30
63 58
11 71
1 85
39 48
12 48
82 42
97 25
97 74
73 29
75 71
62 96
48 29
83 51
80 91
24 71
9 48
8 43
54 7
45 85
51 56
36 59
52 76
46 9
94 47
46 4
91 17
64 68
35 97
43 40
30 25
27 9
19 5
55 94
92 79
31 39
9 97
53 4
92 86
58 75
72 51
92 40
48 17
24 64
11 24
70 81
0 15
40 41
41 73
5 24
40 46
40 6
16 13
26 83
8 41
42 46
36 94
71 2
26 16
86 9
41 86
68 15
66 52
77 32
77 51
0 72
18 67
89 58
90 3
95 7
2 22
35 33
76 21
73 44
1 14
74 30
47 77
60 39
3 40
63 7
17 42
66 72
89 87
23 16
86 70
53 27
89 61
48 45
55 21
89 66
85 14
57 95
19 16
60 92
84 12
34 24
24 0
71 36
19 15
94 75
71 62
93 28
34 2
23 15
83 59
90 97
24 95
39 27
83 56
54 89
1 74
70 31
96 47
37 71
79 49
62 15
45 12
70 18
39 81
80 18
44 25
74 85
76 11
36 50
1 29
98 90
51 23
45 54
87 99
27 73
53 6
75 96
55 58
67 70
27 14
15 87
72 71
59 0
18 25
5 34
76 28
57 19
50 94
53 25
29 20
74 39
41 91
27 29
26 56
41 48
90 53
23 21
96 5
39 46
77 16
2 0
6 86
61 50
15 77
23 19
22 64
94 7
36 24
24 59
81 25
8 35
23 11
24 62
99 52
61 32
50 87
88 5
43 6
22 62
86 81
91 20
67 13
1 20
32 89
34 0
1 82
54 21
35 39
0 64
8 91
15 55
77 37
80 70
87 23
13 74
30 90
29 39
5 64
28 19
84 78
12 69
17 13
60 73
29 90
39 69
88 56
63 89
58 68
83 58
86 35
75 37
57 58
29 74
67 80
86 42
91 67
44 43
55 36
20 84
22 19
32 51
64 76
10 77
92 67
71 26
15 56
51 22
11 99
0 83
20 35
55 24
34 19
27 97
16 76
79 80
25 91
21 2
14 31
42 60
55 2
59 21
73 1
62 61
6 30
5 50
32 2
29 53
52 23
29 82
0 21
80 97
43 39
12 27
57 7
88 36
19 76
15 22
43 33
53 3
71 21
20 79
87 36
66 63
95 23
99 36
90 86
34 57
62 36
9 33
82 79
4 30
38 17
79 17
24 37
89 10
42 38
42 92
69 74
86 91
21 36
3 92
84 80
6 85
67 12
42 91
27 79
30 18
64 26
17 60
66 68
99 55
61 47
85 80
87 16
25 39
81 8
98 86
66 2
75 34
76 68
13 46
45 31
68 28
96 7
43 41
77 76
49 67
62 59
88 0
16 10
97 81
89 68
10 99
3 42
58 50
36 83
9 82
65 96
20 85
89 37
68 19
77 83
10 2
7 2
40 31
28 54
36 72
8 42
56 52
49 3
44 40
82 46
36 65
60 98
55 95
84 48
16 55
62 68
26 36
45 44
65 66
32 37
2 61
82 48
45 27
53 46
56 47
27 20
38 91
35 84
84 4
7 24
99 61
93 2
38 3
86 8
31 82
50 19
22 68
56 22
76 72
94 10
41 67
66 47
25 13
60 84
33 97
29 98
70 13
37 72
39 33
26 21
6 18
3 85
53 48
59 58
68 0
85 8
70 97
17 53
79 29
90 18
94 72
91 30
8 12
95 88
78 30
56 55
82 86
52 50
29 92
69 40
1 86
28 95
89 59
43 4
69 17
53 98
68 16
51 71
40 1
92 46
43 85
19 52
71 22
86 12
75 56
6 4
25 98
70 35
19 88
89 15
37 7
60 6
63 64
74 40
44 17
0 58
44 49
22 77
61 51
75 26
10 93
19 36
13 91
58 88
4 41
64 36
84 6
63 22
87 61
12 85
79 91
33 73
94 71
55 7
66 83
67 45
32 10
40 49
34 66
79 1
60 48
54 56
4 48
52 71
65 57
93 0
64 75
10 11
69 29
32 66
1 44
16 63
76 22
39 91
59 32
8 18
2 15
65 58
42 80
13 38
83 37
47 11
34 59
79 70
19 66
61 71
21 64
72 2
78 29
21 11
63 55
24 66
73 6
7 52
23 50
20 31
66 95
51 95
12 17
54 88
72 88
75 55
4 85
8 53
60 70
91 4
28 63
74 31
1 9
68 83
14 70
39 30
28 56
63 37
49 33
21 66
44 39
0 63
47 10
62 54
3 41
77 19
57 83
4 12
93 7
74 20
89 93
36 54
74 4
80 30
11 19
33 31
21 88
0 50
30 53
16 61
71 56
83 96
82 44
54 83
79 40
35 14
55 32
11 28
75 89
62 0
78 40
26 94
24 51
93 62
78 45
40 22
0 55
98 97
42 49
45 30
90 46
24 16
14 41
23 77
8 44
91 12
97 20
81 30
47 95
43 60
30 31
32 28
13 35
93 75
7 62
66 11
9 25
30 43
39 70
33 69
78 17
83 22
60 90
44 86
28 96
10 72
49 38
61 23
15 66
20 78
23 59
65 16
51 65
7 68
98 38
80 33
31 44
98 73
74 90
52 94
41 35
78 35
22 88
74 70
25 12
35 80
23 54
68 23
85 40
81 48
55 51
97 46
36 89
0 96
31 90
15 26
97 44
70 40
37 34
71 87
76 75
17 85
89 88
78 85
71 59
90 78
90 9
3 44
5 66
59 50
30 12
54 59
19 0
98 40
56 57
58 32
83 71
36 10
2 58
37 93
46 44
80 78
22 94
58 47
49 14
69 35
48 14
44 85
32 96
80 31
7 76
35 43
45 81
66 23
22 55
7 59
94 66
25 73
86 49
10 51
72 11
74 25
69 14
3 80
98 74
98 18
50 57
67 44
88 26
0 99
90 27
50 71
69 18
38 53
88 37
26 89
52 61
86 33
19 87
99 88
32 83
60 20
59 15
29 49
13 98
27 8
30 40
29 15
82 92
73 80
77 93
72 68
68 56
46 48
62 66
97 4
7 15
32 50
76 24
16 54
37 64
67 42
50 77
1 43
0 76
68 21
57 94
4 14
29 40
9 79
85 97
48 31
78 8
30 60
99 21
75 5
31 29
69 44
63 65
66 7
10 58
71 15
38 85
34 96
50 96
17 33
38 92
19 71
54 61
16 50
92 44
81 40
37 95
65 93
80 82
14 90
1 13
98 80
68 47
11 65
85 91
94 88
35 6
42 41
30 44
46 81
18 82
44 27
81 4
83 11
81 41
50 95
35 60
33 38
18 84
53 82
50 55
6 48
36 63
70 43
50 83
92 74
6 20
35 4
6 42
74 18
16 64
87 66
80 1
36 32
30 92
26 93
47 15
96 66
71 57
96 11
45 6
9 3
83 16
92 18
33 74
20 12
39 49
13 69
37 87
89 71
44 90
54 26
28 72
67 30
56 63
39 53
8 84
91 35
97 41
38 31
18 79
85 46
43 49
79 85
14 13
15 50
97 31
38 67
5 63
27 69
26 51
25 43
77 96
22 72
0 87
6 67
16 15
34 64
49 13
23 88
51 19
68 55
99 37
78 27
68 51
82 14
73 20
26 22
26 72
11 0
80 12
14 57
52 36
91 74
98 3
57 68
30 82
2 16
14 80
32 76
70 38
96 21
11 88
28 89
42 18
14 78
96 55
88 83
72 63
21 93
63 11
99 95
39 18
78 41
8 90
42 4
66 22
43 97
54 72
74 67
35 40
79 97
11 52
69 25
87 28
2 36
33 67
7 16
6 91
29 43
12 78
49 30
4 80
73 45
71 65
29 44
37 76
94 64
30 79
69 86
46 35
46 30
51 59
29 25
83 94
3 13
89 96
1 12
54 15
98 1
22 75
64 15
32 98
36 57
47 0
39 98
18 33
18 12
10 71
77 87
55 59
8 20
87 21
14 97
5 72
79 38
42 13
75 68
88 63
35 53
71 16
70 85
40 90
31 17
43 17
61 66
11 68
76 51
75 21
44 53
42 84
78 67
84 70
1 78
14 39
13 29
45 74
41 92
43 48
3 27
37 36
89 62
61 64
93 32
20 44
44 79
81 74
